Akita  (1995,530)  (2007,563)  (2012,595)  (2013,627)  
Altay Mountains Region  (206,50)  (253,50)  (205,100)  (253,100)  (206,149)  (252,149)  
Amami  (1257,1692)  
An Giang  (234,2311)  (257,2338)  
Anhui  (713,755)  (697,787)  (697,787)  (730,788)  (713,828)  (753,830)  
Aomori  (1997,451)  (1983,495)  (2014,486)  (2057,501)  (2047,470)  (2034,419)  
Binh Dinh  (576,1983)  (582,2056)  
Binh Phuoc  (332,2238)  (298,2234)  (369,2251)  (359,2202)  (397,2199)  
Binh Thuan  (410,2292)  (463,2272)  (420,2254)  (440,2294)  (538,2241)  
British Enter Theatre  (13,1652)  (66,1653)  (15,1704)  (70,1706)  
Ca Mau  (206,2431)  (204,2463)  
Central Japan Mountains  (1965,996)  
Central Korea Mountains  (1142,859)  
Cheju Do  (991,1244)  
Chongqing  (521,844)  (496,869)  (454,898)  (491,896)  
Chungcheongnam  (1113,966)  (1056,1004)  (1124,929)  (1076,964)  (1032,965)  (1091,1004)  (1014,930)  
Dak Lak  (461,2078)  (494,2074)  (469,2112)  (505,2112)  (539,2115)  (504,2147)  (526,2083)  
Data Box  (1619,1939)  
Dien Bien  (57,1258)  (15,1240)  (46,1303)  
Fujian  (763,936)  (791,973)  (754,973)  (760,1006)  
Fukui  (1748,958)  (1740,989)  
Fukuoka  (1333,1212)  (1299,1235)  (1327,1243)  (1323,1272)  
Fukushima  (1983,829)  (1999,795)  (2031,807)  (2064,766)  (2073,801)  (2064,829)  
Gai Lai  (522,1964)  (484,1984)  (471,2020)  (527,2001)  (499,2029)  (533,2039)  
Gangwon  (1150,775)  (1158,807)  (1192,814)  (1208,843)  
Gansu  (393,733)  (216,578)  (181,576)  (222,544)  (274,594)  (363,649)  (395,694)  (417,774)  
Gifu  (1827,947)  (1798,962)  (1825,991)  (1791,996)  (1780,1025)  
Guangdong  (658,1028)  (723,1038)  (693,1049)  (628,1060)  (660,1065)  (617,1100)  
Guangxi  (566,1048)  (512,1089)  (545,1110)  (534,1048)  (493,1053)  (570,1079)  (463,1145)  (417,1139)  (392,1182)  (434,1182)  
Guizhou  (472,943)  (506,945)  (434,977)  (473,985)  (514,985)  (441,1016)  
Gyeonggi  (1111,845)  (1076,784)  (1104,813)  (1108,880)  (1052,928)  (1050,894)  (1080,879)  (1081,910)  
Gyeongsangbuk  (1185,872)  (1158,902)  (1223,883)  (1195,911)  (1232,920)  (1208,945)  (1241,960)  (1212,980)  
Gyeongsangnam  (1066,1059)  (1099,1060)  (1069,1095)  (1101,1095)  (1135,1102)  
Ha Giang  (328,1172)  (187,1171)  (216,1137)  (250,1132)  (294,1163)  
Ha Noi  (274,1266)  (305,1270)  (264,1302)  (301,1301)  (289,1337)  
Ha Tinh  (273,1585)  
Hainan  (562,1209)  
Hebei / Peking  (692,547)  (649,576)  (677,611)  (641,631)  (656,544)  (681,518)  (725,555)  (682,581)  (715,581)  (641,604)  (645,664)  
Heilongjiang  (864,305)  (926,334)  (828,262)  (866,260)  (826,302)  (795,324)  (833,342)  (868,346)  (909,365)  (971,318)  (975,285)  (930,300)  (900,288)  (826,227)  (762,175)  
Henan  (640,710)  (579,756)  (613,739)  (648,751)  (616,781)  (656,800)  
Hiroshima  (1487,1064)  (1448,1112)  (1479,1099)  (1514,1127)  (1479,1140)  
Hoa Binh  (232,1346)  (258,1368)  (302,1395)  
Hokkaido  (2149,262)  (2025,256)  (2063,256)  (2063,221)  (2099,222)  (2106,258)  (2151,224)  (2187,223)  (2072,178)  (2107,181)  (2149,186)  (2165,295)  (2079,141)  (2118,144)  (2155,143)  (2192,182)  (2198,144)  (2073,103)  (2109,107)  (2075,66)  (2238,147)  (2233,187)  (2274,146)  (2276,184)  
Hubei  (562,812)  (573,855)  (603,828)  (641,840)  (678,855)  (610,867)  
Hunan  (555,916)  (593,915)  (631,916)  (564,958)  (599,949)  (631,966)  (612,1001)  
Hyogo  (1631,1040)  (1618,1083)  (1659,1080)  
Inner Mongolia East  (711,402)  (732,311)  (629,456)  (590,465)  (651,428)  (682,401)  (726,361)  (752,399)  (765,354)  (699,309)  (663,304)  (714,276)  (758,274)  (723,233)  (772,238)  
Inner Mongolia West  (452,568)  (365,574)  (281,542)  (326,544)  (330,584)  (412,572)  (416,611)  (478,609)  (498,568)  (510,535)  (557,514)  (553,566)  
Ishikawa  (1835,886)  (1805,905)  (1777,925)  (1783,884)  (1775,850)  
Iwate  (2071,536)  (2101,544)  (2076,572)  (2114,583)  (2082,608)  (2093,639)  
Jeollanam  (1023,1057)  (1000,1091)  (1029,1093)  (1001,1131)  (1037,1127)  (1011,1166)  
Jiangsu  (750,742)  (780,752)  (777,792)  (807,792)  
Jiangxi  (680,914)  (715,892)  (749,896)  (717,932)  (676,954)  (708,971)  (681,990)  
Jilin  (875,431)  (916,467)  (844,409)  (946,432)  (884,481)  (993,383)  (1118,395)  (1183,335)  (1238,280)  (1194,295)  (1119,346)  (1065,376)  
Kagoshima  (1309,1394)  (1346,1399)  (1378,1406)  (1351,1434)  (1304,1449)  
Kangwon  (1072,653)  (1083,684)  (1090,718)  (1115,700)  (1124,733)  
Khanh Hoa  (571,2203)  (573,2169)  (584,2128)  
Khrebet Dzhugdzhur  (743,9)  (793,10)  (743,61)  (799,63)  (849,13)  (857,67)  (855,123)  (906,16)  (912,69)  (911,127)  (1181,3)  (1234,4)  (1282,3)  (1284,53)  (1236,56)  (1185,56)  (1189,108)  (1238,108)  (1287,106)  
Kien Giang  (178,2336)  (218,2364)  (214,2392)  (248,2383)  
Kom Tum  (475,1923)  
Kumamoto  (1341,1318)  (1371,1358)  (1330,1357)  (1375,1328)  
Kuril Islands  (2218,34)  (2296,2)  (2173,57)  
Kyoto  (1682,1045)  (1721,1052)  (1751,1028)  (1754,1063)  
Lai Chau  (109,1205)  (48,1200)  (149,1202)  (81,1202)  (9,1187)  
Lake Baikal Region  (309,51)  (359,52)  (362,102)  (310,101)  (311,150)  (359,152)  (456,239)  (512,239)  (638,205)  (636,155)  (636,103)  
Lam Dong  (461,2226)  (497,2225)  (530,2193)  (493,2194)  (459,2195)  (448,2160)  
Lang Son  (345,1217)  (337,1253)  (375,1254)  (358,1290)  (397,1287)  (438,1282)  (403,1318)  
Liaoning  (768,503)  (820,508)  (822,470)  (855,510)  (803,549)  (732,518)  (791,471)  
Miyagi  (2066,729)  (2079,667)  (2071,699)  (2102,677)  
Miyako  (1020,1908)  
Mongolia  (281,485)  (375,500)  (488,472)  (420,500)  (332,491)  (452,467)  (501,434)  (462,431)  (413,460)  (371,459)  (331,453)  (286,448)  (425,419)  (382,420)  (342,421)  (306,417)  (247,419)  (243,463)  
Nagano  (1882,895)  (1869,933)  (1905,950)  (1865,971)  (1878,1007)  
Nagasaki  (1282,1265)  (1248,1273)  (1255,1305)  (1285,1315)  
Nghe An  (164,1482)  (226,1512)  (212,1449)  (198,1483)  (228,1482)  (195,1515)  (252,1541)  
Niigata  (1947,791)  (1927,863)  (1926,830)  (1894,852)  (1966,760)  
North Cambodia  (341,2003)  (380,2004)  (413,2047)  (371,2045)  (326,2045)  (278,2047)  (269,2090)  (311,2088)  (360,2088)  (407,2088)  (239,2016)  (228,2058)  
North China Mountains  (696,471)  
North Hamgyong  (1207,406)  (1199,479)  (1174,391)  (1245,430)  (1187,442)  (1239,470)  (1168,504)  
North Hwangae  (1019,668)  (1019,701)  (1020,734)  (1054,748)  (1026,770)  
North Japan Mountains  (2045,585)  
North Kanto  (2023,855)  (2014,899)  (2059,867)  (2058,913)  (1986,871)  (1975,904)  (1946,890)  
North Korea Mountains  (1001,479)  
North Laos  (56,1378)  (123,1376)  (140,1417)  (90,1422)  (76,1473)  (116,1523)  (169,1558)  (217,1603)  (253,1646)  (40,1435)  
North Pyongang  (909,564)  (959,547)  (988,588)  (950,587)  (909,603)  (873,587)  (877,552)  (927,527)  
North Sakhalin  (1923,63)  (1918,12)  
North Tibetan Plateau  (89,761)  
Oita  (1361,1267)  (1382,1246)  (1395,1279)  
Okayama  (1526,1067)  (1561,1057)  (1593,1044)  (1578,1096)  (1549,1101)  
Okinawa  (1169,1805)  
Osumi  (1339,1554)  
Philippines  (1330,2238)  
Pusan  (1212,1039)  (1196,1013)  (1248,1038)  (1232,1073)  (1176,1046)  (1201,1076)  (1167,1082)  (1175,1115)  
Pyongyang  (955,666)  (983,666)  (955,701)  (985,702)  
Qinghai  (216,709)  (151,663)  (321,713)  (117,658)  (196,667)  (240,667)  (285,669)  (281,713)  (248,714)  (182,710)  (144,706)  (205,755)  (289,757)  
Quang Binh  (318,1645)  (355,1685)  
Quang Nam  (480,1836)  
Quang Ngai  (545,1892)  
Quang Tri  (387,1729)  
Rason  (1274,337)  (1299,297)  (1264,373)  
Resupply from France  (14,2438)  (70,2438)  (15,2498)  (74,2500)  
Ryangang  (1069,443)  (1107,492)  (1140,456)  (1109,454)  (1072,498)  (1038,421)  
Saigon  (337,2315)  (318,2356)  (306,2321)  (349,2285)  (348,2355)  (329,2393)  
Sea Zone 1  (1806,168)  (1807,216)  (1855,216)  (1807,266)  (1860,267)  (1908,218)  (1807,318)  (1859,320)  (1909,353)  
Sea Zone 10  (1677,959)  (1678,903)  
Sea Zone 11  (1836,797)  (1951,664)  (1938,706)  (1877,797)  
Sea Zone 12  (2156,705)  (2138,773)  
Sea Zone 13  (1298,914)  (1303,974)  
Sea Zone 14  (1425,978)  (1525,996)  (1426,1051)  (1389,1071)  (1479,1009)  
Sea Zone 15  (2148,902)  (2129,1016)  
Sea Zone 19  (1423,1231)  (1457,1198)  
Sea Zone 2  (1641,293)  (1680,294)  (1720,302)  (1721,336)  (1678,338)  (1644,338)  
Sea Zone 20  (1534,1163)  (1617,1131)  
Sea Zone 22  (1473,1355)  (1554,1312)  
Sea Zone 23  (1807,1213)  (1674,1259)  (1674,1259)  
Sea Zone 24  (1895,1143)  (2032,1098)  (2010,1035)  (2053,1066)  (1989,1103)  (1953,1104)  (1936,1140)  (1986,1142)  (2045,1142)  
Sea Zone 25  (2177,1146)  (2291,1146)  
Sea Zone 26  (1926,1300)  (2006,1320)  
Sea Zone 27  (2198,1315)  (2300,1322)  
Sea Zone 28  (763,603)  (766,567)  (805,603)  (841,614)  (818,653)  (823,573)  (727,606)  (839,1416)  (775,1936)  
Sea Zone 29  (816,750)  (792,711)  (822,690)  (879,865)  (871,904)  
Sea Zone 3  (1300,451)  (1268,522)  (1328,358)  (1312,402)  (1313,506)  (1219,551)  (1256,564)  (1321,555)  (1170,608)  (1231,603)  (1298,604)  
Sea Zone 30  (851,733)  (951,833)  (919,838)  (859,699)  (878,665)  
Sea Zone 31  (807,1070)  (844,960)  (829,1015)  
Sea Zone 32  (925,992)  (915,955)  (909,1025)  (915,1062)  
Sea Zone 33  (962,954)  (953,895)  (991,865)  (978,1025)  (976,990)  
Sea Zone 35  (506,1188)  
Sea Zone 37  (847,1208)  (846,1302)  (803,1213)  (808,1176)  (854,1172)  (767,1175)  (766,1215)  
Sea Zone 38  (933,1156)  (932,1193)  (934,1234)  (1039,1206)  (1038,1249)  
Sea Zone 39  (1112,1198)  (1179,1184)  (1261,1118)  (1313,1120)  (1320,1071)  (1289,1072)  
Sea Zone 4  (1477,474)  (1486,590)  (1486,590)  
Sea Zone 40  (455,1379)  (417,1381)  (444,1346)  (475,1315)  (481,1350)  (497,1387)  (423,1417)  
Sea Zone 41  (672,1397)  (676,1468)  
Sea Zone 43  (985,1383)  
Sea Zone 44  (1120,1287)  (1166,1285)  (1204,1284)  (1119,1329)  (1157,1329)  (1201,1330)  (1303,1175)  
Sea Zone 45  (1151,1454)  (1158,1538)  
Sea Zone 46  (1311,1507)  
Sea Zone 47  (1473,1455)  (1537,1465)  
Sea Zone 48  (1662,1513)  (1756,1522)  
Sea Zone 49  (1993,1477)  (2000,1556)  
Sea Zone 5  (1720,496)  (1675,639)  (1781,497)  (1762,547)  (1691,545)  
Sea Zone 50  (2188,1540)  (2300,1550)  
Sea Zone 51  (310,1516)  
Sea Zone 52  (452,1555)  
Sea Zone 53  (689,1752)  (681,1595)  
Sea Zone 55  (987,1589)  
Sea Zone 57  (1522,1609)  (1442,1685)  
Sea Zone 58  (1682,1749)  (1806,1764)  
Sea Zone 59  (1932,1739)  (2017,1748)  (2123,1856)  
Sea Zone 6  (1924,516)  (1922,602)  
Sea Zone 60  (2242,1698)  (2154,1746)  
Sea Zone 61  (515,1741)  
Sea Zone 64  (1179,1893)  (1261,1835)  
Sea Zone 65  (1454,1943)  (1465,2061)  
Sea Zone 66  (664,2031)  (634,1935)  
Sea Zone 67  (844,1993)  (843,2082)  (1398,2102)  
Sea Zone 69  (1199,2056)  (1158,2027)  
Sea Zone 7  (2144,444)  (2193,573)  (2166,500)  
Sea Zone 70  (94,2419)  (105,2494)  (106,2458)  (145,2425)  (146,2476)  (57,2460)  (49,2418)  
Sea Zone 71  (324,2486)  (285,2499)  (369,2443)  
Sea Zone 72  (590,2310)  (518,2403)  
Sea Zone 73  (966,2327)  (967,2243)  
Sea Zone 74  (1211,2211)  
Sea Zone 75  (1863,56)  (1880,106)  (1838,4)  (1886,6)  
Sea Zone 76  (2161,7)  (2252,58)  
Sea Zone 8  (1196,695)  (1253,793)  
Sea Zone 9  (1433,786)  (1529,782)  
Seoul  (1005,826)  (1036,808)  (1028,848)  (1064,813)  (1062,847)  
Shaanxi  (492,717)  (491,769)  (451,676)  (496,677)  (529,753)  (459,719)  (528,694)  (527,652)  
Shandong  (712,697)  (708,657)  (742,692)  (743,660)  (783,642)  (682,671)  (679,711)  
Shanxi  (600,636)  (580,668)  (604,698)  (571,708)  
Shikoku East  (1565,1177)  (1602,1172)  (1603,1203)  (1573,1206)  
Shikoku West  (1488,1290)  (1471,1254)  (1506,1255)  (1498,1221)  (1528,1215)  
Shizuoka  (1821,1056)  (1855,1063)  (1888,1068)  (1910,1040)  (1926,1007)  (1976,1050)  
Sichuan  (350,871)  (427,839)  (275,813)  (287,849)  (327,830)  (371,833)  (310,891)  (402,882)  (353,919)  (314,938)  (348,970)  (467,835)  
Sikhote-Alin  (1343,13)  (1343,65)  (1351,118)  (1674,73)  (1673,19)  (1726,15)  (1648,124)  (1623,20)  (1625,73)  (1369,170)  
Soc Trang  (245,2432)  (280,2420)  
Son La  (111,1306)  (175,1325)  (104,1269)  (138,1281)  (143,1313)  (223,1295)  (82,1331)  
South Cambodia  (245,2160)  (205,2158)  (164,2159)  (117,2166)  (122,2202)  (165,2200)  (215,2201)  (227,2245)  (187,2245)  (138,2247)  (98,2249)  
South Hamgyong  (1064,595)  (1113,563)  
South Hwangae  (992,792)  (984,755)  (921,741)  (890,740)  (888,771)  (919,769)  (953,742)  (956,779)  
South Kansai  (1715,1113)  (1754,1105)  (1699,1150)  (1743,1144)  (1718,1190)  
South Korea Mountains  (1170,967)  
South Laos  (311,1752)  (268,1755)  (357,1790)  (317,1794)  (394,1840)  (347,1841)  (310,1845)  (308,1886)  (354,1885)  (406,1885)  
South Pyongang  (954,627)  (919,685)  
South Sakhalin  (1926,107)  (1919,155)  
South Tibetan Plateau  (65,966)  (143,939)  
Soviet Union  (1200,173)  
Soviet support to Communist Chinese  (521,112)  
Soviet support to North Japan  (1500,94)  
Soviet support to North Korea  (994,105)  
Soviet support to Viet Minh  (100,116)  
Formosa  (856,1032)  (865,1001)  
Thai Binh  (356,1332)  (339,1363)  
Thailand  (230,1844)  (193,1840)  (158,1840)  (115,1844)  (194,1806)  (163,1805)  (126,1805)  (166,1768)  (124,1768)  (86,1770)  (53,1776)  (88,1812)  (47,1816)  (47,1860)  (87,1854)  (55,1730)  (103,1735)  
Thanh Hoa  (245,1419)  (218,1391)  (265,1462)  (280,1428)  
Thua Thien-Hue  (434,1751)  (432,1781)  (467,1776)  
Tibet  (92,861)  (207,874)  (244,877)  (175,877)  (145,873)  (54,864)  (13,865)  (19,827)  (55,829)  (97,826)  (145,833)  
Tokyo  (2062,997)  (1985,943)  (2001,984)  (2018,950)  (2071,959)  
Tsushima  (1252,1191)  
Tuyen Quang  (239,1216)  (296,1227)  (302,1201)  (268,1190)  (240,1250)  (209,1227)  (179,1238)  (181,1268)  
United States West Coast  (2293,1817)  
Xinjiang  (71,494)  (75,575)  (185,502)  (138,499)  (104,498)  (75,538)  (118,540)  (121,582)  
Yaeyama  (949,1936)  
Yamagata  (2002,743)  (2003,663)  (2001,701)  
Yamaguchi  (1361,1180)  (1393,1160)  (1417,1180)  (1421,1144)  
Yunnan  (340,1053)  (405,1076)  (368,1087)  (330,1099)  (295,1107)  (286,1076)  (303,1046)  (350,1019)  (388,1031)  (230,1079)  (189,1082)  (150,1083)  
Zhejiang  (803,841)  (781,879)  (838,854)  (817,875)  (813,909)  
